[1] "biallelic.max15.min85.SA.hfluc_hcons.F0-F80.flt"
[1] "calculate Ne for fluctuating population"
[1] "autosome rep1"
  [1] 238.2160 244.5785 224.2157 249.8629 254.8671 246.8468 251.6153 258.8099
  [9] 296.7298 251.1753 216.8093 263.5834 263.2418 272.7039 262.7581 286.0927
 [17] 246.2827 249.5277 285.7304 228.5684 219.9090 255.9989 264.0992 239.1894
 [25] 287.8909 258.0134 232.9617 286.9905 278.1417 270.2011 244.3471 254.1441
 [33] 256.0968 252.0087 284.2285 258.2947 258.9586 304.7835 275.3787 222.4230
 [41] 253.3772 266.8242 259.0074 256.2928 245.1651 248.8530 240.9437 244.6482
 [49] 241.2752 267.9785 262.8548 230.9047 253.6165 212.6431 296.5184 252.3425
 [57] 269.5086 245.1474 273.7490 277.0467 256.3843 246.4616 264.7399 282.0448
 [65] 258.0102 271.6984 245.3883 268.7324 275.2313 256.8560 255.0452 287.4570
 [73] 270.8579 287.0044 264.2530 264.6200 257.3340 252.1635 251.8602 261.0777
 [81] 295.3900 243.7519 236.4305 264.4344 235.4009 280.2086 230.4328 249.9231
 [89] 250.2098 248.1816 257.5156 291.3612 251.4115 258.8175 256.7901 223.6011
 [97] 252.0102 290.0638 274.0071 291.5496
[1] "autosome rep2"
  [1] 304.3116 284.3008 308.4177 349.6758 288.7537 382.9570 333.0439 319.7467
  [9] 321.7048 325.7248 327.7123 289.2234 347.5690 374.1048 312.9124 302.9322
 [17] 330.3098 317.6898 347.2686 301.7767 330.9320 299.2837 341.6961 333.5018
 [25] 349.8588 326.4016 365.1213 383.5366 325.1472 335.9814 357.1632 303.3788
 [33] 299.3385 277.4357 293.2213 286.9076 342.7266 318.6223 350.7637 321.7779
 [41] 320.6288 377.0385 329.9974 336.9433 342.8939 311.9963 334.4531 342.0762
 [49] 321.4724 370.7208 322.8571 336.2937 354.9011 355.5499 353.3475 282.8212
 [57] 325.2479 311.4449 337.3499 324.8956 366.3273 315.5535 315.0412 327.5570
 [65] 273.3732 340.1937 316.2214 340.9927 318.8738 341.9110 313.5147 322.9960
 [73] 301.4129 329.9854 300.2822 295.9589 337.6648 285.9140 321.2883 317.7301
 [81] 312.0790 322.1957 285.7800 310.1166 288.9994 336.9518 335.8654 302.7404
 [89] 288.9975 317.9037 292.5854 288.8701 276.5549 352.4310 304.7432 325.0231
 [97] 325.5835 296.9937 280.7812 324.8380
[1] "autosome rep3"
  [1] 362.8421 356.7426 318.5079 394.6161 356.4870 413.1972 415.1223 348.0249
  [9] 399.2478 349.1879 356.1489 385.3328 359.2213 393.2165 445.9254 340.7323
 [17] 376.2459 407.6025 337.5865 412.7572 401.4242 345.8603 416.0831 358.6698
 [25] 328.1764 363.3540 378.9677 395.6480 367.5673 326.2382 364.6913 359.1975
 [33] 398.2302 354.2357 360.3731 405.9103 396.9676 382.9677 383.7486 367.9298
 [41] 440.1968 349.7054 348.3299 346.6687 368.0758 335.4420 359.8707 422.7225
 [49] 378.2469 436.1014 374.6348 433.3850 416.2767 379.2445 416.3751 447.8186
 [57] 473.0723 363.2807 362.9392 369.0233 425.9878 355.8212 356.5035 371.3089
 [65] 296.9964 355.0992 392.9335 460.4355 390.2436 404.9594 381.2047 416.1412
 [73] 362.3261 370.0897 343.0410 444.4195 399.8994 352.6175 396.6323 355.8009
 [81] 389.0421 388.5317 369.7413 456.6034 437.8485 370.2841 346.0650 381.6642
 [89] 412.8421 352.7957 409.5233 368.9923 391.2673 339.4177 412.3130 352.8101
 [97] 367.4517 356.8482 401.2268 405.4009
[1] "autosome rep4"
  [1] 317.4478 371.0311 373.1355 351.9653 366.2406 296.2290 327.5053 351.9455
  [9] 346.7753 324.9277 321.5985 348.5120 299.0080 350.8461 337.8866 351.3798
 [17] 391.9264 314.5456 267.8313 384.6148 365.0216 348.0619 359.6625 358.9110
 [25] 288.8849 315.5619 344.1859 365.1897 262.4373 310.8949 357.2975 330.9485
 [33] 318.2380 336.5694 332.0048 289.2858 295.9108 329.1974 346.7534 320.3885
 [41] 323.6774 316.1864 318.8162 424.5909 339.5708 362.2617 373.6548 294.4044
 [49] 402.2504 315.1472 296.1362 342.4211 311.8935 319.7099 320.8052 284.0629
 [57] 293.8164 330.3060 367.6553 387.7055 318.1627 339.7869 384.5991 362.2972
 [65] 359.3673 283.3490 317.9050 290.7194 307.0175 408.9532 319.5827 361.9582
 [73] 277.2687 369.6547 323.5317 278.5949 376.5458 307.0255 303.4665 351.1444
 [81] 345.5014 307.1810 266.6519 340.0007 344.8956 315.6405 326.6052 351.1016
 [89] 364.5844 293.2087 319.3985 301.4864 343.6090 301.5804 291.4541 354.8927
 [97] 331.8236 314.3987 287.0579 327.8316
[1] "autosome rep5"
  [1] 278.4824 282.2990 229.5611 323.7925 292.3687 261.2992 295.3377 264.2496
  [9] 268.7392 283.5992 300.6058 312.5304 290.8662 266.9078 292.3394 262.6441
 [17] 262.8295 249.1418 291.1544 285.1342 238.9221 266.5177 297.5023 232.4625
 [25] 272.4538 254.6504 285.2130 289.0816 241.2913 298.5595 293.6371 253.8936
 [33] 255.7825 230.8421 236.6438 237.6584 256.9399 272.1424 247.5223 238.7514
 [41] 231.3957 264.5970 294.2490 292.0089 292.2843 262.0234 244.2865 293.2616
 [49] 288.2050 304.2770 255.9130 243.7140 287.7379 290.4316 257.9963 281.7986
 [57] 279.3954 260.8131 242.5570 303.8690 262.4739 284.6969 300.9475 260.4729
 [65] 266.2929 254.7631 268.4362 299.7500 278.5434 267.3873 241.0558 303.3245
 [73] 284.8228 271.3715 257.5301 298.0211 252.0963 297.9922 266.1356 267.5680
 [81] 330.2492 245.9889 260.6779 233.2489 294.3522 279.4416 250.2692 261.1879
 [89] 249.2386 282.4884 255.3882 222.4799 284.6315 295.2164 281.5021 256.4066
 [97] 291.5402 270.7021 266.1300 270.2032
[1] "autosome rep6"
  [1] 261.6467 263.8287 222.5485 259.4336 265.8187 243.8266 265.4428 242.1826
  [9] 234.9543 232.9000 257.1709 214.4818 262.1599 215.4696 272.7033 261.1393
 [17] 250.1602 256.9753 261.8539 269.6256 288.4543 237.6708 239.4164 254.1032
 [25] 259.6701 220.0543 252.6275 234.5017 284.2082 259.2928 269.8842 232.0359
 [33] 274.8163 273.2318 261.1176 243.9889 285.7860 210.9444 282.2157 236.0507
 [41] 239.1709 282.8873 227.0907 237.1582 254.2851 224.7523 284.2472 287.3020
 [49] 248.8203 248.9980 264.2506 241.0936 277.6989 290.8234 232.9106 253.4640
 [57] 270.0015 239.0430 232.0492 296.2648 245.1544 242.4572 266.7992 268.1064
 [65] 225.4078 245.3622 276.3574 253.4885 252.3333 276.0951 276.3912 266.8162
 [73] 288.6515 246.4155 283.0141 247.3063 265.3349 283.4653 263.5964 261.0435
 [81] 277.4541 318.1145 271.9231 237.0954 254.9351 239.9623 277.6028 238.7069
 [89] 267.7182 265.1960 249.9017 234.9667 272.7006 259.9891 255.6925 259.0343
 [97] 276.5816 234.3847 265.1274 274.0752
[1] "autosome rep7"
  [1] 294.4876 296.2933 294.9129 311.6700 312.8720 314.0753 321.4062 324.4017
  [9] 283.2075 268.6760 337.8088 289.3024 294.2815 306.0269 314.1243 305.5820
 [17] 308.8144 273.5444 325.9306 275.4411 285.0223 283.1730 258.6492 328.5308
 [25] 286.5558 308.4597 275.8823 298.4399 283.4536 302.6844 303.4849 265.0746
 [33] 310.4393 279.5811 329.9301 356.3834 305.0550 349.1136 298.7812 307.2137
 [41] 364.6417 291.9396 292.4017 345.1228 291.0732 340.4725 361.0606 255.3669
 [49] 313.8021 334.9397 329.6478 307.2017 331.7955 297.1357 287.7190 325.4069
 [57] 308.6538 256.7405 278.4891 346.7766 291.6529 356.4818 297.4323 312.4899
 [65] 281.7510 279.6175 356.7717 302.5970 291.1605 297.0364 291.9142 312.5510
 [73] 296.8832 288.0516 321.2196 283.0013 328.5503 315.6274 302.8334 311.1530
 [81] 278.2921 304.8667 286.8377 374.8091 276.8672 289.7093 312.4770 310.2495
 [89] 289.8920 278.8662 298.2600 340.5411 352.5871 298.5107 322.9924 263.8470
 [97] 304.1694 330.0209 291.5883 363.2418
[1] "autosome rep8"
  [1] 392.4729 329.9339 351.7124 333.6781 292.0686 294.9074 349.9802 323.1800
  [9] 335.6404 326.0409 359.1487 344.1311 321.2250 300.7786 364.9763 323.3517
 [17] 309.7442 323.4926 266.1040 340.8283 296.7102 325.8246 317.1837 349.6355
 [25] 363.0583 283.2497 274.3431 323.4696 360.3446 351.7951 319.2007 321.7184
 [33] 345.8509 380.1126 376.2401 373.4366 304.5936 338.5987 321.3178 326.3359
 [41] 348.7987 378.2938 328.9310 307.6567 386.4929 335.3079 336.4805 292.0855
 [49] 351.9282 317.0035 278.9708 311.2775 330.8100 323.7109 323.7842 333.3464
 [57] 354.4979 325.9280 276.2952 334.5558 289.1159 285.5048 344.9733 276.1546
 [65] 304.9952 335.5020 326.2644 334.0200 305.6987 330.6478 310.8405 306.7804
 [73] 406.7586 340.3701 346.5134 321.4171 317.2017 331.2316 332.7452 306.0861
 [81] 330.0225 298.9543 288.0705 273.1687 312.7068 357.0069 309.5592 298.2170
 [89] 322.5807 331.5228 317.4843 335.4722 378.5389 307.8851 300.8793 364.3844
 [97] 297.7184 326.6156 344.7722 321.0960
[1] "autosome rep9"
  [1] 319.7859 293.7207 313.0987 288.3934 319.8901 319.6413 319.8355 330.9962
  [9] 275.2000 306.5088 310.2809 286.6250 281.4182 323.0471 310.7716 268.2688
 [17] 324.0204 320.8455 271.1034 357.7790 307.5225 359.2334 319.3887 322.0702
 [25] 338.2891 337.3623 275.6252 312.3201 321.0713 327.1386 299.1187 272.1713
 [33] 356.1292 311.0356 309.7560 290.1134 290.4880 299.0336 272.9194 330.3097
 [41] 343.4743 283.5432 276.2339 315.1999 297.9892 390.2371 365.8094 316.6674
 [49] 300.0733 283.0192 308.8181 326.3701 353.5544 328.6986 276.1226 275.7619
 [57] 325.8120 295.4200 315.1932 320.3994 305.8000 345.1753 304.0909 282.5689
 [65] 270.2363 279.7998 310.5586 340.6562 301.5798 293.3052 302.5729 312.2790
 [73] 318.2476 346.2126 263.9284 290.6312 301.9529 340.1794 280.7596 300.5434
 [81] 340.0958 286.5904 329.0587 378.4690 279.7963 274.4165 291.3544 275.3075
 [89] 289.0206 292.0491 270.2565 316.8399 319.6447 277.0340 284.0579 317.0736
 [97] 321.8363 340.7847 319.7782 313.6711
[1] "autosome rep10"
  [1] 328.7650 325.0779 351.7257 288.5830 324.8088 317.4974 376.4598 305.5728
  [9] 387.9253 298.5936 331.0209 311.9413 344.8204 310.6624 301.4215 317.9717
 [17] 333.8648 279.4133 345.8231 304.5872 329.9328 346.6646 307.0544 277.6457
 [25] 327.6249 325.0144 346.6622 336.5495 333.6914 393.3984 291.5232 306.5384
 [33] 274.3388 338.3094 298.6289 312.5247 327.5262 336.0471 335.3701 317.2384
 [41] 291.6348 303.1950 322.3718 321.3543 332.2652 305.3444 350.5888 351.2946
 [49] 354.2468 315.1499 311.2406 311.0493 311.0951 283.5199 299.6986 304.4583
 [57] 330.1459 329.1993 303.6434 345.9860 284.9894 341.0739 361.9311 303.2610
 [65] 310.0150 299.9986 320.2061 263.2901 311.7632 303.7983 300.3105 295.8491
 [73] 301.8915 322.3946 338.8456 357.0334 325.7229 290.5562 322.5397 327.0281
 [81] 356.9324 339.2055 299.5910 340.2318 324.8037 398.0211 348.5200 312.1328
 [89] 314.1125 333.6427 290.2687 326.3710 334.9580 328.6792 306.6052 356.0771
 [97] 290.0503 295.0272 309.1554 294.3635
[1] "autosome rep11"
  [1] 277.1995 283.0922 310.1682 315.3162 315.6408 250.5654 296.7778 304.8999
  [9] 283.8629 321.9857 302.7840 325.2075 334.1554 338.9751 235.4334 292.8293
 [17] 279.8719 303.4513 281.1055 294.2493 264.9447 319.5635 320.7108 289.9860
 [25] 275.8825 291.7619 273.8803 312.8839 284.3567 287.6810 306.3301 272.1739
 [33] 303.9712 287.1167 278.9598 299.3636 281.0368 320.6771 319.5957 306.8917
 [41] 287.1265 272.9281 294.5913 295.3844 313.3025 296.2250 285.0588 344.4179
 [49] 313.6083 348.7152 325.5766 317.5244 291.8016 306.1184 267.0056 302.8560
 [57] 289.9679 270.7709 270.8809 290.8426 285.8529 260.1784 295.2381 298.4826
 [65] 302.2488 357.5201 281.6971 315.5585 337.7941 315.0451 280.4765 303.3053
 [73] 303.7674 257.4760 304.2087 316.9373 277.7251 298.9290 316.0370 300.1992
 [81] 289.9790 287.3636 305.8864 300.1963 292.1142 347.5914 286.0876 315.8481
 [89] 274.7660 297.1648 290.3054 299.4812 321.4404 284.6305 306.1496 298.5689
 [97] 307.7606 305.4650 300.1765 323.1006
[1] "autosome rep12"
  [1] 360.0612 306.0005 355.5499 396.8918 330.7573 365.6760 348.8335 345.4175
  [9] 330.6791 344.0431 415.5162 373.0109 334.0090 438.2899 338.0922 339.8867
 [17] 431.7045 374.6877 357.4566 359.6559 358.8129 327.8131 350.3343 398.9453
 [25] 335.8024 323.3513 403.6842 323.4736 364.8008 326.5038 335.8334 354.6776
 [33] 347.4036 383.8374 344.1562 393.2748 323.6450 358.4963 389.8884 357.6128
 [41] 405.2338 358.9664 374.1035 381.6010 366.6038 363.2594 384.5794 322.8392
 [49] 386.6823 331.6539 375.3959 331.5258 338.8267 334.6767 337.6860 285.5941
 [57] 387.3149 359.1928 354.5509 318.2362 379.3482 354.2992 355.7163 343.0988
 [65] 366.4531 357.7105 361.6230 355.9374 359.3424 376.4990 395.2678 303.2405
 [73] 337.2709 372.2459 401.2356 362.5625 327.9910 362.9235 348.7750 362.1549
 [81] 378.6849 341.7646 340.5782 320.0067 322.4881 312.5064 367.7967 351.6496
 [89] 378.6871 305.2119 342.0200 332.3374 317.8808 352.5721 401.2257 367.1076
 [97] 398.8584 353.2536 356.5416 357.3564
[1] "autosome rep13"
  [1] 296.8392 297.3107 346.0205 334.1097 304.4656 302.2795 315.4745 324.9945
  [9] 292.0425 332.7190 310.3097 304.4295 273.1654 295.2799 284.8238 289.6520
 [17] 270.3999 302.4992 305.3827 273.4666 264.3307 292.5511 339.0848 258.6865
 [25] 274.1864 292.3359 304.3382 293.5383 270.9656 304.2746 313.9737 265.7360
 [33] 248.7950 279.5615 266.5191 289.7834 279.1131 310.6079 297.0935 270.7150
 [41] 290.0150 266.8611 273.4203 278.7550 307.1442 246.7962 296.2987 285.4157
 [49] 281.3624 277.9741 302.3306 240.0477 288.7434 273.3482 256.9650 306.2040
 [57] 274.2721 294.3441 303.5885 274.6782 254.6851 305.6258 312.9670 287.2457
 [65] 263.8527 280.0340 249.4212 263.2212 263.2655 259.5486 240.4581 295.8136
 [73] 315.2375 269.6197 328.6483 310.8108 269.5096 286.9690 277.7135 239.9910
 [81] 274.4519 281.1022 276.5651 321.9937 250.8496 299.0617 288.8008 330.8626
 [89] 299.7507 267.3467 282.1809 315.5673 287.6597 287.4239 298.3249 277.3259
 [97] 321.4862 267.4570 294.0456 251.1144
[1] "autosome rep14"
  [1] 278.4069 266.4004 314.5129 366.6082 274.2803 279.1953 236.8217 284.7305
  [9] 307.2483 287.9452 289.6504 281.5526 271.7065 302.2205 265.7614 259.6187
 [17] 295.8904 244.7589 304.3266 257.5301 270.5499 312.6039 289.2868 245.9231
 [25] 272.0557 279.7929 283.6759 263.8270 280.6413 265.1050 261.8230 271.8409
 [33] 281.9654 236.8764 274.6916 271.0843 281.2942 255.2638 293.6016 271.3375
 [41] 311.3134 235.7388 242.0602 286.9849 271.4001 294.3310 285.0063 298.9079
 [49] 277.5165 271.6126 295.7640 272.7533 304.6614 278.9250 283.4055 255.9814
 [57] 246.7536 258.0335 297.2803 290.1522 246.7065 286.7017 261.9792 252.0846
 [65] 241.5568 266.4644 282.7231 228.7035 273.2742 305.5715 273.3998 242.3556
 [73] 292.6896 243.5784 260.5928 251.7635 263.8511 259.3313 239.1363 262.9634
 [81] 219.6600 273.9088 288.5788 246.8661 261.9266 269.5362 263.6247 257.1827
 [89] 261.2593 276.5376 234.0915 264.1343 275.1077 317.5331 267.9183 273.3722
 [97] 275.6643 250.1538 266.5657 254.7976
[1] "autosome rep15"
  [1] 317.1553 297.7052 313.8640 324.3187 300.9301 307.5830 316.3511 335.2189
  [9] 303.1757 337.3600 311.8409 308.3597 349.9171 323.0323 351.6080 301.7488
 [17] 310.8564 291.1046 275.2059 325.2095 343.8090 309.4135 341.0469 308.2958
 [25] 284.7835 314.6726 320.9788 341.9813 356.1336 342.5241 330.5775 316.4300
 [33] 366.8404 305.2794 361.1433 327.4241 347.8928 305.9230 288.2446 293.9361
 [41] 313.3386 355.0297 298.1203 324.2942 328.5364 312.0089 333.7050 305.4426
 [49] 348.2013 283.2824 321.9495 324.0782 293.7311 306.9402 338.1277 294.2813
 [57] 288.1340 342.6156 307.2353 301.6747 344.5605 344.7298 329.8372 382.4995
 [65] 320.6183 318.5324 301.9044 329.5060 279.9360 316.5801 327.8842 289.7639
 [73] 294.2017 367.0573 308.2348 284.3783 328.9340 331.1321 325.5068 298.6117
 [81] 307.8830 328.1530 332.3509 313.9872 311.6886 321.6027 352.4773 353.6272
 [89] 294.8591 301.2967 330.8869 334.9644 351.0202 290.5813 301.5657 323.9448
 [97] 294.2760 347.5281 350.4025 344.6563
[1] "X chrom rep1"
  [1] 339.0050 333.0554 311.2125 314.3976 312.3397 347.7890 314.0225 306.7618
  [9] 324.5283 331.5212 286.1944 278.3666 352.9540 311.5710 408.6111 301.4223
 [17] 293.0290 267.0968 315.2142 302.1182 357.1985 261.2585 344.4409 317.2622
 [25] 318.5435 294.2059 289.2266 330.8640 303.2400 330.6293 274.0546 291.3382
 [33] 311.8173 284.8822 312.9985 341.6779 275.9875 308.1243 322.3443 277.9532
 [41] 323.6131 360.9416 299.1354 324.3668 345.2825 286.1891 297.5723 315.2372
 [49] 290.7120 318.1537 335.4050 300.7663 318.0985 305.5660 269.6635 307.7532
 [57] 274.2398 340.5992 337.1480 281.0920 289.9494 326.4679 342.3892 270.4133
 [65] 385.3830 351.9007 271.7389 354.1973 287.3626 267.1979 306.6366 261.2691
 [73] 306.6670 302.1858 285.7145 304.3576 283.8825 308.8998 341.7995 324.4756
 [81] 323.8306 324.6341 300.7892 320.8921 306.6434 295.6789 387.1285 311.1366
 [89] 336.9847 321.7793 273.3776 356.4943 303.0706 340.0744 263.7899 296.9249
 [97] 290.4465 292.1533 278.4843 334.5166
[1] "X chrom rep2"
  [1] 264.3560 241.8893 240.4887 257.4694 219.1161 244.3872 221.7894 278.7385
  [9] 242.5223 236.2539 262.2033 251.1086 283.5502 242.6462 223.1285 232.2810
 [17] 268.2463 260.1235 263.5337 237.3123 222.5234 224.1358 261.7594 224.6096
 [25] 239.8892 218.5330 312.2301 261.7296 264.9413 243.8850 250.3598 252.8236
 [33] 221.1720 222.2346 221.6526 235.7660 230.4779 249.7090 296.3611 256.6508
 [41] 232.6229 262.7181 225.7724 267.4793 227.3994 239.3353 248.1827 284.9809
 [49] 245.7778 267.9611 235.9338 263.5853 264.6750 236.5970 247.2446 246.6569
 [57] 219.8949 237.7823 273.0529 232.2240 255.3302 269.9433 240.5267 233.6691
 [65] 282.5339 254.2298 230.7876 243.5936 239.8061 252.2901 248.9828 225.9977
 [73] 262.0026 264.6293 219.6730 242.1092 272.1891 253.0923 248.0801 246.0756
 [81] 259.9261 246.6063 249.6790 265.6690 227.2179 281.7276 232.0535 274.6783
 [89] 256.5632 227.4383 240.9487 234.1750 274.2435 239.0908 197.1828 219.5297
 [97] 249.6594 263.5960 271.4563 279.9931
[1] "X chrom rep3"
  [1] 287.7844 348.5192 312.9937 324.3673 319.7204 285.1866 295.3364 350.9427
  [9] 378.6986 339.8460 310.5836 316.5974 326.2217 345.3576 323.0507 352.7605
 [17] 395.0852 349.0918 313.6163 301.3787 337.5975 371.8502 369.6945 395.9790
 [25] 329.7823 297.5137 320.7512 337.8176 338.6779 344.8351 360.4195 346.0029
 [33] 352.2492 306.3587 339.9489 389.7089 354.4396 348.2727 404.6235 299.0233
 [41] 376.1506 321.5327 350.3572 391.9012 360.9192 321.4393 326.0044 416.3126
 [49] 295.0324 308.2363 413.8354 312.2687 359.9554 359.6820 347.7207 286.4105
 [57] 375.6870 306.2284 296.1366 332.6392 372.0192 356.4285 373.1185 314.8086
 [65] 358.9489 381.3329 293.8954 365.8775 364.5546 390.7687 323.3308 332.0397
 [73] 378.8012 423.5771 300.8903 290.1098 326.8693 312.1121 328.3084 325.7939
 [81] 320.6102 340.5921 360.4919 316.9609 323.1154 348.6735 333.1897 335.4109
 [89] 317.9478 358.4522 346.2710 359.9782 329.8311 316.4847 353.7366 326.8825
 [97] 310.6018 337.0096 380.2692 366.0104
[1] "X chrom rep4"
  [1] 241.8255 306.4592 274.5612 281.4180 282.0067 291.6531 296.7341 293.4920
  [9] 295.6835 234.9090 297.3436 241.4448 257.1444 320.2440 272.7439 259.2331
 [17] 266.1134 352.0549 275.2966 262.2859 281.4909 271.0120 291.2169 278.1194
 [25] 306.8848 298.2124 300.4782 300.6920 263.8896 291.6770 274.2680 316.4648
 [33] 272.7255 255.3948 236.9617 363.6347 246.2925 272.3525 268.9328 256.0629
 [41] 255.8064 335.7178 255.2780 262.3941 237.3522 270.5868 331.2633 258.7692
 [49] 257.3237 258.8539 264.4882 268.8694 272.2249 288.8630 274.4323 278.6158
 [57] 270.2560 273.5798 250.1639 271.9365 274.0364 275.1894 269.8492 259.5686
 [65] 268.8884 306.9095 293.0256 280.5352 279.5057 259.5549 290.7261 319.4129
 [73] 302.7670 305.8842 239.4233 247.3240 289.6603 270.8368 304.8230 310.5571
 [81] 250.6535 339.5076 269.9834 268.0212 270.0461 255.8751 264.7427 271.0329
 [89] 246.3997 263.0785 301.8442 283.3318 265.3597 274.2867 298.7168 316.8695
 [97] 256.7336 267.6001 236.0435 301.7276
[1] "X chrom rep5"
  [1] 230.3628 264.8698 272.1561 277.8387 274.3382 332.2369 241.9884 285.5630
  [9] 241.6667 289.4197 261.7432 302.3301 279.1867 286.3687 261.9577 269.2891
 [17] 255.3654 266.2072 245.5995 272.6832 272.9315 259.6008 268.5813 284.3769
 [25] 282.9896 273.0596 231.0072 269.7220 275.0949 298.2532 274.1632 250.7635
 [33] 289.6735 295.7810 253.3529 301.1867 294.1912 326.6838 251.9120 307.3852
 [41] 295.0664 262.3916 250.7416 255.7214 254.9231 272.5051 266.4750 262.2564
 [49] 276.4922 262.7586 275.0509 307.6596 232.5529 268.7972 259.3466 287.5424
 [57] 241.2301 312.7763 283.7489 273.8375 284.4130 300.7499 291.2012 298.1987
 [65] 258.5936 233.3945 280.2096 290.7659 272.1109 300.0623 294.6668 246.2665
 [73] 295.0015 255.5422 302.9274 263.7559 296.6838 319.0158 258.5451 263.7771
 [81] 278.3209 262.8195 281.9672 274.8912 287.0486 264.1475 268.3816 269.7458
 [89] 268.8148 272.1825 267.9874 268.8892 291.6331 311.3124 272.5676 273.0223
 [97] 255.5116 265.4164 302.1010 291.9830
[1] "X chrom rep6"
  [1] 270.4317 292.5341 265.7021 249.5720 281.2854 295.2705 268.8244 260.8898
  [9] 282.0445 266.4548 247.5687 297.7479 248.2909 279.2166 303.4169 307.9898
 [17] 273.3554 256.6799 252.8190 262.1756 309.0381 300.8354 297.6029 265.4520
 [25] 247.5670 279.5611 290.2545 238.6798 315.1706 294.4145 274.1665 302.5820
 [33] 263.8439 258.8752 296.2303 272.5890 269.2763 267.9382 264.1403 273.3692
 [41] 294.1810 292.4205 280.2345 264.1862 283.2781 268.8581 291.4104 255.6831
 [49] 298.9844 301.8475 263.7299 297.0376 268.6621 255.7233 247.3474 300.7096
 [57] 306.9934 273.7228 270.3631 300.2549 243.6537 333.3464 324.0491 293.6478
 [65] 319.3390 231.3341 271.1046 275.6701 268.9677 308.9630 308.2724 335.5028
 [73] 301.2366 269.8906 258.3039 288.0214 277.9211 279.7362 269.0718 253.1735
 [81] 281.1365 310.5965 282.4526 255.3576 257.9958 296.1718 262.5366 259.5504
 [89] 302.0707 262.8165 267.2441 326.8599 300.9250 264.3850 282.9098 326.7513
 [97] 270.4466 266.0944 262.0278 261.3095
[1] "X chrom rep7"
  [1] 218.7176 258.4506 261.0098 244.7079 255.4546 248.6635 257.5531 263.4535
  [9] 266.0282 294.6158 268.9877 271.4453 246.2210 259.7695 274.4005 311.5456
 [17] 245.9326 239.1109 270.2617 285.1899 277.7741 289.9395 289.9530 280.8591
 [25] 290.1017 321.0527 266.0428 244.5612 319.2171 246.5843 273.5494 286.0409
 [33] 295.1506 256.0699 287.3845 312.2778 260.6632 287.2879 272.3865 297.5090
 [41] 252.1473 255.1941 307.8177 234.8872 272.9515 262.8547 297.4164 300.3475
 [49] 304.3856 262.8314 310.6001 272.0502 323.1799 277.7565 268.9322 247.1496
 [57] 262.7370 263.2840 265.5044 249.9625 271.8559 266.6670 233.3316 261.4091
 [65] 286.3883 307.0267 329.4051 277.7489 260.7489 252.3805 256.3432 252.3346
 [73] 288.7505 276.3236 277.1372 279.9015 289.1712 264.4240 258.4571 257.3056
 [81] 259.0478 293.9011 263.2254 294.1353 319.0191 257.3509 310.6183 255.7085
 [89] 267.8594 275.1402 281.9986 316.9918 277.9824 293.2389 273.6590 256.5309
 [97] 270.4729 287.6943 288.4283 328.2739
[1] "X chrom rep8"
  [1] 319.0776 347.5435 316.3716 318.3072 276.9078 333.1654 252.3005 279.5188
  [9] 319.7015 304.7586 323.7997 296.8656 273.6684 296.7398 290.0884 348.0050
 [17] 329.6189 259.4116 299.7002 324.2642 312.6503 317.7511 285.2435 323.0728
 [25] 290.1643 276.9864 286.8502 261.7607 289.5775 279.0518 294.5440 325.0126
 [33] 323.1477 338.8571 285.1825 293.1839 283.7764 324.7353 267.7632 269.4090
 [41] 333.6152 313.0364 367.7977 326.7608 311.4805 325.0766 284.8482 323.3764
 [49] 303.3508 304.1871 243.3805 311.5639 290.6306 336.2572 330.0785 258.7934
 [57] 259.0504 273.6688 300.2608 358.3994 281.0474 303.7960 284.2155 313.2205
 [65] 305.8136 284.7704 307.6174 297.2535 294.1458 291.2078 292.0980 300.4188
 [73] 267.6648 343.1511 271.8020 256.1761 313.1002 328.0354 266.0402 327.8974
 [81] 324.0057 311.9126 286.5320 318.6811 276.3123 327.8025 277.6263 308.5864
 [89] 323.3099 268.0965 277.1905 288.6332 274.3875 311.4139 337.0531 261.9824
 [97] 253.5898 278.9759 318.0785 285.0337
[1] "X chrom rep9"
  [1] 295.6315 295.1442 313.2367 319.1865 364.0724 265.9674 301.7122 278.4291
  [9] 310.5897 282.9597 311.1741 282.2858 298.2815 276.1760 351.5756 288.6163
 [17] 352.3998 293.8508 308.8891 326.8478 359.5314 350.1579 262.4672 364.2363
 [25] 303.8110 300.1060 374.2365 324.7570 302.5282 296.2919 296.0186 294.8027
 [33] 271.4462 325.3896 282.9594 322.3104 287.9174 336.0922 293.6612 343.8728
 [41] 290.9274 290.9303 301.2714 316.9427 273.7018 317.3405 300.1275 297.9311
 [49] 293.2194 272.7036 305.4712 316.9520 303.6398 266.6856 264.6633 296.4318
 [57] 305.3906 350.2068 340.3914 303.4465 305.1309 286.0228 280.7493 295.8870
 [65] 316.1391 258.6862 321.0881 268.4723 289.4923 329.4672 348.5689 262.9726
 [73] 278.8880 292.4429 322.3080 291.8687 328.9416 343.9243 372.8844 264.7399
 [81] 302.9206 330.8674 315.2482 265.0206 323.3336 274.7854 327.8701 282.8763
 [89] 283.8759 320.8136 301.0491 345.5957 309.2882 260.4773 313.7739 326.8168
 [97] 357.5564 271.3377 293.3181 297.8887
[1] "X chrom rep10"
  [1] 255.8556 313.1066 314.5442 276.9516 300.5214 257.6636 281.1218 295.4090
  [9] 303.2078 278.1404 320.9361 263.0003 250.2436 298.1704 358.7904 265.2270
 [17] 309.2200 254.4247 314.0615 311.9273 256.3693 254.6154 286.6496 319.4173
 [25] 242.2041 284.5468 294.7350 277.5072 288.0796 278.8560 314.2090 257.3419
 [33] 289.6495 316.8592 252.6317 265.3909 280.0760 256.7484 274.8078 300.4036
 [41] 290.3544 287.1897 269.9881 294.2909 326.3365 314.4308 312.8406 272.3962
 [49] 272.3480 274.6381 264.7010 271.4102 281.7585 282.1622 281.5619 281.6202
 [57] 288.7390 282.6333 272.7476 261.6765 293.7011 263.8053 302.4966 284.1488
 [65] 348.9285 289.9401 315.4209 315.8040 271.4068 292.5136 329.6589 276.0259
 [73] 262.0039 289.3438 258.5589 329.9416 243.8073 300.2039 318.5910 250.1826
 [81] 256.6894 289.1208 287.9235 306.5381 274.2064 276.5038 261.4430 262.4881
 [89] 279.6522 287.4268 299.5851 338.5124 288.9487 244.9738 240.1356 284.1980
 [97] 278.3803 272.9983 340.9444 298.7468
[1] "X chrom rep11"
  [1] 242.2399 284.7827 279.9044 298.8503 279.9003 246.6428 294.4727 247.4496
  [9] 252.2723 307.5476 231.7847 269.2193 244.2228 316.9501 267.4543 296.7313
 [17] 280.1906 317.5282 278.2784 281.1911 278.1924 277.9609 257.1014 269.5393
 [25] 253.0663 303.7901 281.1386 270.3227 249.3496 264.4372 239.0595 234.5074
 [33] 255.5078 264.7730 274.2950 280.0838 316.4387 253.2645 254.3089 303.6509
 [41] 267.4062 276.5211 300.4971 253.8853 285.6003 299.0949 301.5291 300.0884
 [49] 264.8737 298.8833 267.4257 274.7634 258.4340 300.6703 271.0232 269.0457
 [57] 257.5493 281.0565 275.3200 280.8147 274.6446 326.9301 258.8294 266.0328
 [65] 295.4959 276.7055 281.6794 277.3740 256.2267 275.8695 250.6073 277.5305
 [73] 249.5057 312.4858 279.5667 290.4741 265.3177 283.3766 250.4691 261.6830
 [81] 270.5094 274.3575 290.9486 258.0389 276.1049 308.3181 249.9911 243.6718
 [89] 283.5088 254.2928 303.4430 343.4077 268.8511 229.4450 232.6434 266.2042
 [97] 252.3343 287.2461 250.7853 295.0991
[1] "X chrom rep12"
  [1] 308.4716 275.8985 371.9562 292.6929 316.1149 319.7501 293.2018 312.1817
  [9] 271.7075 313.7455 328.1601 286.6748 437.5222 280.4925 298.4159 330.9120
 [17] 311.1787 270.8033 316.4781 335.7147 334.5291 334.1763 333.2428 296.6576
 [25] 292.9596 360.8084 342.7105 291.7911 290.0425 280.1306 278.0903 345.9821
 [33] 271.3873 295.6157 315.2939 338.6645 272.8371 296.2965 330.2209 340.0888
 [41] 349.7501 302.8623 286.8971 318.3834 319.6179 266.2878 282.2294 295.9579
 [49] 302.3864 300.3662 306.3336 294.2056 306.0650 288.8799 341.8427 352.9745
 [57] 254.6568 318.3153 293.0076 313.1091 303.8655 327.3508 286.3003 287.3652
 [65] 322.1055 315.4360 334.9414 285.7409 334.1352 320.4973 300.5275 306.0969
 [73] 338.1899 302.5825 325.5553 305.7582 332.5493 342.3914 292.2147 282.5704
 [81] 324.7793 351.3457 378.4840 309.4915 297.8321 338.8610 303.9370 384.5137
 [89] 321.5005 269.0771 273.3827 356.4789 339.6026 318.3376 289.9957 301.7890
 [97] 281.1759 339.8336 309.7959 338.8236
[1] "X chrom rep13"
  [1] 226.4521 228.7528 229.3273 223.1728 210.5702 230.5314 242.9256 256.2834
  [9] 242.0979 229.7990 258.5163 258.6518 245.1021 242.9809 233.6168 223.8662
 [17] 245.6255 252.8998 202.1767 246.7073 207.1619 228.6727 235.4967 265.0054
 [25] 235.1523 238.8531 198.8306 245.6326 254.8435 229.4736 263.6907 207.6986
 [33] 231.5393 231.5353 223.7472 221.0350 274.0620 235.4430 218.0979 233.6014
 [41] 214.9889 218.4414 230.0982 229.6831 214.6395 223.3997 226.4235 238.0146
 [49] 230.2108 257.6651 233.6504 210.1913 213.2068 228.4454 212.0164 241.1212
 [57] 252.3830 218.0621 215.0492 237.9102 219.1240 229.4366 211.6244 225.2557
 [65] 223.0779 226.4780 223.5585 216.1878 227.5444 232.5438 206.5006 235.1363
 [73] 260.5106 252.2616 223.2868 221.9547 234.1760 213.8957 218.6121 205.8529
 [81] 213.1663 205.5574 237.4322 270.0120 244.5561 208.1505 240.8652 204.8231
 [89] 236.4950 216.9368 217.7526 266.8452 250.2863 213.7711 236.7573 222.1540
 [97] 260.0526 188.8011 230.8941 224.2169
[1] "X chrom rep14"
  [1] 197.5362 202.5568 194.1179 214.3658 220.7614 215.4647 155.2362 179.3556
  [9] 236.3263 200.0502 202.7758 218.3393 241.7279 226.4430 212.0185 214.7402
 [17] 186.8260 201.1024 205.3187 199.5443 214.9514 215.1620 226.4116 201.5800
 [25] 200.0224 193.7194 204.1689 199.6030 185.9708 200.9648 178.5518 198.2343
 [33] 230.3920 185.9705 205.5566 198.4964 204.2886 211.4010 208.0283 196.5788
 [41] 214.4352 211.1696 218.0751 183.3029 230.8501 200.8494 203.9908 194.1427
 [49] 221.1606 205.0352 223.7517 225.5808 187.9595 189.4750 197.1416 174.5185
 [57] 183.0099 197.9948 209.4235 204.7893 196.6095 182.0645 198.7623 194.9804
 [65] 178.9551 209.9497 189.5774 208.7908 198.6244 189.8602 185.1801 196.5723
 [73] 193.4229 220.3659 207.8179 191.7883 217.3131 216.4635 202.7860 212.8563
 [81] 201.0539 193.8063 240.9144 212.4673 210.2615 218.7809 232.6507 182.1082
 [89] 201.6797 198.4566 234.1550 206.3435 216.4409 168.5279 193.7448 229.0276
 [97] 210.7824 198.1009 187.6371 203.8360
[1] "X chrom rep15"
  [1] 351.2899 308.0110 375.7238 338.4988 287.4680 355.9577 285.3789 378.2376
  [9] 307.7899 340.9514 291.9200 369.2338 376.7793 311.5844 328.3725 353.9952
 [17] 354.9345 349.3252 365.5164 296.6770 362.3460 319.9121 337.4867 303.3653
 [25] 331.4621 326.0787 312.8930 327.1636 304.5941 371.9954 321.3621 307.5887
 [33] 318.7256 333.9772 365.7283 348.5007 366.8026 298.2351 288.9128 349.0228
 [41] 304.8295 301.3078 350.4493 321.1653 311.8230 300.5521 345.8557 357.1906
 [49] 300.7424 336.6221 338.7584 331.0010 305.1837 322.8383 292.0640 312.4087
 [57] 320.3182 345.4977 316.3440 290.3439 352.2645 352.8714 385.3104 354.7892
 [65] 354.0049 378.8726 345.2548 394.2691 345.6098 304.7381 353.6748 331.2735
 [73] 282.4528 271.0638 375.8302 360.9827 342.5169 302.3418 349.6066 342.8002
 [81] 390.4540 318.2191 322.3280 317.0285 330.5499 299.8574 367.3095 326.5997
 [89] 329.0781 311.6062 323.4849 310.1695 371.8907 340.3162 296.5527 364.9042
 [97] 305.9127 319.5104 349.3830 307.2054
[1] "calculate Ne for constant population"
[1] "autosome rep1"
  [1] 175.4767 191.5436 208.1134 209.5575 195.8557 224.0854 193.0348 219.4465
  [9] 189.3648 198.9550 208.4450 221.1134 224.6955 207.8793 210.5002 189.3522
 [17] 222.4673 216.8220 267.4507 203.9702 215.3374 228.7379 206.6062 202.2472
 [25] 218.8667 204.1233 223.6655 242.5356 188.9255 216.9174 219.5497 201.2108
 [33] 197.9094 189.1522 220.4447 192.7015 198.1750 219.4524 215.2909 189.6305
 [41] 207.3861 216.6756 192.0482 220.9619 174.1938 203.6683 188.1092 206.9109
 [49] 186.6184 227.4539 211.5376 214.9952 192.2206 201.8659 215.0129 220.6354
 [57] 236.7406 208.1297 225.3509 207.9562 207.0301 222.2673 229.2221 205.7411
 [65] 245.8078 195.8695 207.6522 199.3853 225.8115 231.9362 230.8695 186.5127
 [73] 213.5911 242.2364 175.3839 227.9577 171.2169 209.4325 176.5327 201.0541
 [81] 187.6537 228.7076 191.7781 192.0030 194.4335 196.4958 186.6191 261.4967
 [89] 220.4004 211.5251 210.2421 200.8245 234.0383 212.5954 239.1497 206.4720
 [97] 176.4927 218.4719 187.1744 229.1151
[1] "autosome rep2"
  [1] 181.4962 184.8294 197.4397 190.0997 178.1262 202.7275 221.3975 163.7792
  [9] 192.8777 200.7845 187.2333 171.5618 179.8203 189.7551 191.7407 183.3502
 [17] 186.4394 164.1668 186.3535 209.1244 210.8712 207.1808 179.8029 178.2840
 [25] 213.2773 190.3692 203.9782 171.6335 206.5156 173.1762 183.2758 190.1494
 [33] 195.8589 199.9581 164.3830 155.7942 230.0739 195.0209 173.2056 205.1670
 [41] 193.1402 194.0931 188.2580 195.0315 186.3422 193.5468 177.7453 190.2214
 [49] 169.3694 205.1780 170.7750 181.2452 214.2796 179.2930 223.2445 171.9368
 [57] 196.0195 224.3990 182.5951 209.8987 196.4424 193.3434 202.3278 191.9091
 [65] 187.3855 176.2780 197.7201 187.6736 180.9327 205.6604 178.9278 177.1458
 [73] 196.4105 187.2916 224.5182 181.5224 215.8241 186.9430 225.9793 204.0432
 [81] 189.2762 199.6052 195.1576 211.5619 186.6651 188.4321 180.3499 208.2590
 [89] 185.4693 205.5435 188.7060 176.9119 176.2640 191.4353 195.5350 168.9818
 [97] 192.9215 204.1494 216.3766 197.9011
[1] "autosome rep3"
  [1] 222.7820 261.7343 275.9029 246.7513 237.3739 243.3532 263.9901 236.7296
  [9] 236.2796 241.6751 237.3655 253.1454 283.5259 283.5582 253.9933 278.3597
 [17] 282.5218 277.5958 251.3981 227.2356 241.3659 257.3903 259.4819 247.3331
 [25] 250.7040 292.5298 266.5796 235.5366 240.8564 201.0564 231.9553 247.8377
 [33] 270.7607 242.7269 254.0976 263.7365 241.4138 232.4978 264.1453 264.1528
 [41] 258.4833 232.7489 263.2635 252.0308 264.3417 235.5846 232.5719 289.3395
 [49] 217.1545 238.7297 250.1589 240.1417 242.4617 238.7671 259.9478 207.6217
 [57] 214.2636 265.4792 265.8240 266.5625 240.3660 248.1336 282.8412 236.9131
 [65] 225.3642 264.3420 255.4270 245.8376 261.0983 234.4181 275.3841 231.5753
 [73] 256.0720 247.2395 237.5696 262.8346 280.8934 251.8230 228.4153 239.4631
 [81] 245.9648 241.0245 266.1407 261.5710 258.2641 257.6236 298.7789 263.4726
 [89] 270.5782 220.5327 242.5467 242.8732 228.3749 258.8365 268.7873 223.9496
 [97] 238.7919 280.4061 295.3608 251.7657
[1] "autosome rep4"
  [1] 270.8007 236.6276 214.3447 177.7064 206.1859 238.5682 209.3141 204.5920
  [9] 200.4769 199.4456 215.3966 229.1763 212.3155 190.7670 221.7210 222.5638
 [17] 216.7992 219.4534 212.8071 204.2682 222.0202 213.1689 218.4549 229.1243
 [25] 220.9274 224.3682 244.7821 246.3285 204.2417 261.2839 223.0087 228.9305
 [33] 197.8876 210.0645 221.8690 198.6816 199.6345 239.0311 207.1700 254.3506
 [41] 205.5000 221.0960 193.7643 242.3671 242.4723 199.5746 218.5833 198.1993
 [49] 204.1232 194.5123 216.8917 232.4317 211.3553 230.9666 212.3879 210.7053
 [57] 204.9193 222.3403 205.1908 213.6325 177.7057 211.3733 199.5751 223.4159
 [65] 225.3966 211.3224 211.5444 204.8747 240.2153 215.7450 215.2039 218.7736
 [73] 210.3935 226.8326 220.4243 228.4434 240.2383 229.2322 189.8149 188.3180
 [81] 252.5155 214.8111 210.1537 232.3086 230.5390 213.0726 220.3047 215.9596
 [89] 205.7393 227.6587 215.9491 202.5230 221.3359 204.2975 237.8214 247.1928
 [97] 220.9988 213.7521 234.7253 189.1618
[1] "autosome rep5"
  [1] 180.0868 234.5522 225.4624 204.6395 219.4854 214.2009 202.1540 195.2923
  [9] 231.0346 206.6208 215.0827 209.1083 216.4133 195.1338 262.3905 244.8771
 [17] 226.1621 209.3743 242.1496 221.4640 194.7985 237.5126 237.5478 205.2236
 [25] 204.8350 198.1430 212.4474 231.0684 225.0502 193.1738 207.3204 234.3701
 [33] 232.6980 238.2804 218.8337 257.4648 224.6282 212.6920 223.0268 215.9289
 [41] 207.3858 222.4642 210.0864 230.7120 235.5512 237.2710 191.8196 231.0232
 [49] 224.5983 202.5105 214.0989 212.1386 241.7787 210.6213 220.1932 176.1208
 [57] 194.4290 241.5121 272.4262 244.3977 227.7856 277.7975 195.6129 205.0752
 [65] 209.3606 222.3877 220.0911 211.4216 208.3573 236.0273 207.3026 188.8290
 [73] 243.9136 187.2899 238.0583 198.7820 200.5280 227.5098 206.4391 209.9553
 [81] 226.1680 210.0310 215.6240 201.7952 203.5611 209.3866 199.5378 212.9147
 [89] 208.9300 202.4241 237.4998 206.9863 206.8147 248.5438 218.1835 248.0153
 [97] 200.8608 222.0005 221.6010 202.4955
[1] "autosome rep6"
  [1] 249.3038 207.4785 215.0826 201.4369 217.1555 203.2556 197.3936 200.4690
  [9] 176.2572 219.8726 212.8195 216.6182 188.1187 220.4199 192.6044 201.8387
 [17] 191.4513 203.1145 206.5673 214.4325 239.1381 217.5438 208.4169 215.5177
 [25] 225.5919 215.6500 233.2845 198.6753 189.4636 233.4115 215.9608 216.2273
 [33] 213.5783 228.4091 205.5868 213.3229 217.2589 214.8021 203.4340 239.8211
 [41] 213.6212 191.6039 197.3516 206.9814 196.2069 253.9430 190.2194 227.8853
 [49] 228.2095 229.5559 186.8180 181.9886 219.6688 207.1987 237.9920 189.4451
 [57] 222.8478 200.6939 189.5095 204.1738 230.8108 228.9467 216.6668 204.8034
 [65] 218.6724 214.0372 209.1527 229.6103 228.9159 200.5545 204.7168 210.0928
 [73] 210.7287 221.3037 191.2625 191.1073 219.7362 223.5171 205.4841 226.5765
 [81] 194.2249 207.9513 200.0634 199.0242 171.5322 215.2163 219.7120 234.9011
 [89] 191.9088 204.9523 185.0612 213.7454 230.6029 227.5428 203.2213 199.2891
 [97] 218.2889 192.6532 208.5750 221.1675
[1] "autosome rep7"
  [1] 249.0212 236.2553 256.8480 262.0913 265.5769 227.1581 270.6457 269.9755
  [9] 256.4659 214.5113 307.6937 256.3732 264.6444 243.9515 233.7197 213.3687
 [17] 231.2408 244.6241 242.1928 253.4417 286.2088 218.1747 266.3574 240.7464
 [25] 273.1116 232.2494 261.2802 270.5137 229.2047 240.8418 259.6000 249.8784
 [33] 271.0266 237.5390 224.1026 239.3108 223.7046 251.5110 277.9027 257.3627
 [41] 242.4307 254.0185 256.4004 265.3462 248.4390 272.8744 248.2289 248.5363
 [49] 282.1903 205.1087 266.5369 219.4972 291.8492 259.2155 223.5647 264.2579
 [57] 246.3366 260.0389 226.0035 263.4536 264.0895 251.1096 263.4784 241.4405
 [65] 249.2000 240.4156 253.0998 223.3571 263.5577 232.1562 243.2044 270.7805
 [73] 252.3147 237.0993 241.7771 228.8687 251.8816 215.1161 244.6733 214.3103
 [81] 228.8445 253.3708 222.5014 234.1089 235.1169 257.5684 229.0922 242.6805
 [89] 271.6538 289.3215 210.3126 235.4112 231.9601 315.5961 251.8033 247.8854
 [97] 261.5956 267.6041 265.1726 229.1669
[1] "autosome rep8"
  [1] 264.1737 245.2299 252.4352 271.5187 290.1661 275.8477 236.6758 230.5209
  [9] 267.0899 325.0456 257.9021 265.1140 310.4822 228.5283 269.8694 277.6924
 [17] 264.8821 244.9876 245.4995 243.2910 237.7163 275.6370 232.8084 278.7283
 [25] 303.3038 262.4161 255.2523 281.1051 294.9089 222.4197 298.3576 291.5859
 [33] 226.0414 250.7462 283.2066 249.8901 271.5430 247.4247 242.3268 272.4122
 [41] 252.0122 265.3413 293.9045 284.3933 239.0145 279.4136 232.7334 255.8283
 [49] 242.8263 244.2646 231.9368 240.9075 295.6726 291.4426 291.0981 247.5209
 [57] 245.9731 240.9724 280.9740 259.1629 265.7037 270.1956 243.0685 246.9675
 [65] 256.6286 284.5922 248.6473 286.4171 228.5595 253.0288 247.0964 252.8170
 [73] 294.2610 299.0528 273.2509 252.4205 236.2055 281.5778 279.0708 270.6388
 [81] 238.9422 290.3447 293.4543 303.6292 250.1432 286.7107 285.0148 296.1535
 [89] 256.6243 300.1453 244.4570 292.5849 268.3576 232.5107 262.1331 254.2493
 [97] 271.0661 269.5812 265.5763 269.3381
[1] "autosome rep9"
  [1] 231.7457 220.2684 255.4086 216.5653 230.8143 198.0097 220.7225 203.4429
  [9] 213.8301 253.0142 205.3206 217.5117 214.7135 227.4754 239.1468 221.6249
 [17] 240.2582 220.0985 214.0842 189.8883 244.1445 204.4609 232.5901 230.9339
 [25] 226.6767 227.7464 221.4531 225.6192 193.7817 218.3889 225.1931 195.3864
 [33] 225.0259 204.8383 233.2967 271.9341 241.4133 209.2009 239.4477 224.2648
 [41] 233.9368 210.8262 249.1316 213.6672 226.6486 227.1087 264.8927 235.6181
 [49] 233.4520 192.1079 269.7052 231.9255 212.0746 245.5548 225.9203 217.7308
 [57] 212.6493 211.9018 219.6501 228.7974 231.1590 248.5544 240.6242 222.1710
 [65] 247.3854 222.9226 230.2250 243.3879 246.2082 213.1114 213.1662 232.6000
 [73] 244.6592 224.6713 237.7864 206.0821 214.7314 223.4501 256.6067 234.4783
 [81] 247.2760 231.9800 216.8561 243.1918 215.4148 211.8870 210.5808 247.2625
 [89] 234.6030 203.5535 240.2790 214.0059 266.9969 200.7101 225.4283 227.0294
 [97] 263.1487 232.6671 239.1497 232.3095
[1] "autosome rep10"
  [1] 263.7600 243.9157 250.1837 217.0359 240.3035 214.6466 279.8019 265.8293
  [9] 264.2207 224.1885 266.7508 262.3984 219.4101 248.0427 275.5671 239.5786
 [17] 236.3691 225.6428 232.3541 208.4550 267.6168 242.4288 275.0539 273.3818
 [25] 259.8422 266.3465 224.7828 258.9131 264.7078 270.5148 239.0067 249.0321
 [33] 278.5708 278.3219 240.5272 228.3982 231.2796 263.8661 273.4692 238.7729
 [41] 247.7534 261.6111 266.9287 247.2165 250.6139 241.7304 236.0406 269.7179
 [49] 220.6831 270.6595 214.9352 255.1673 264.8787 267.4138 230.0939 257.0617
 [57] 256.4494 238.1784 242.3331 247.6789 230.9397 290.3956 235.9884 229.0046
 [65] 225.1836 260.1425 237.5234 242.2076 236.9204 284.6728 230.8865 243.8536
 [73] 227.7999 254.4397 251.5096 240.5322 202.0241 249.1422 237.4547 258.6584
 [81] 257.6180 254.3530 233.0996 244.6140 253.9291 221.8548 243.3732 224.2192
 [89] 253.2252 256.9470 280.3992 256.3002 242.2412 242.7717 293.3821 253.8220
 [97] 290.8688 264.7329 275.6400 225.4384
[1] "autosome rep11"
  [1] 289.7913 301.7971 349.6458 299.1240 297.2274 301.1817 290.4585 226.6970
  [9] 277.8337 274.2057 283.5346 303.3988 276.0154 278.8830 289.6708 292.8828
 [17] 330.4652 292.9801 286.5306 354.5477 280.5146 324.0971 275.6615 258.7371
 [25] 261.0972 335.8327 288.3758 256.8730 305.3500 282.4335 311.8282 243.3237
 [33] 309.1411 281.3157 275.8617 283.9776 287.0891 282.7237 267.4851 291.9188
 [41] 321.0493 310.2946 277.0821 309.4871 268.6624 272.5883 278.0354 274.2194
 [49] 298.1799 328.5828 297.6228 266.4877 286.3790 270.4027 251.3041 274.5654
 [57] 278.4809 311.6919 360.5566 252.6102 286.2893 303.6027 314.7228 332.4004
 [65] 244.4138 260.1714 334.5542 304.2307 313.5639 288.6058 313.0128 258.8115
 [73] 277.8875 262.8821 270.4767 327.8262 288.2160 262.1802 322.5181 282.8615
 [81] 285.5385 279.1241 251.5329 288.3523 264.4497 351.7771 288.2554 286.9695
 [89] 246.0050 293.9810 269.1392 252.4778 278.1362 252.4107 271.2077 287.4820
 [97] 267.1885 283.6429 302.4828 326.3806
[1] "autosome rep12"
  [1] 205.3990 217.0201 203.4643 186.1110 201.1029 197.8988 207.2712 191.5989
  [9] 230.2030 198.1693 222.9619 210.3571 226.3632 247.6695 192.5194 220.6927
 [17] 195.3536 185.6741 213.6254 205.7003 216.5847 221.6551 181.2810 199.9209
 [25] 211.5717 195.8916 219.0996 199.6529 211.2349 180.0457 228.6872 209.7806
 [33] 232.1169 199.4737 228.1162 192.8646 213.7909 229.6952 202.4936 200.1425
 [41] 235.2842 226.4065 205.1988 216.0034 206.4645 188.0021 208.8909 205.8366
 [49] 178.7416 237.1639 199.1622 221.7072 226.5811 198.1158 227.7050 202.4763
 [57] 188.7184 223.0178 188.1159 205.2939 200.0055 219.8409 203.4208 219.7913
 [65] 192.6466 220.8464 226.2796 192.2976 217.3128 201.1422 214.9640 244.7480
 [73] 237.6579 202.3788 197.4892 207.9593 222.2076 201.8155 190.0220 203.1808
 [81] 222.1030 220.5521 197.0950 202.9903 196.0896 204.2879 232.9079 192.8683
 [89] 214.8119 213.8069 210.7611 207.9866 236.3960 221.5164 199.7616 202.5809
 [97] 233.3081 217.3473 245.5638 223.8790
[1] "autosome rep13"
  [1] 181.1116 195.0409 236.0789 231.9678 249.6841 191.4604 215.9008 216.4249
  [9] 191.4524 188.3406 223.2743 180.0660 215.2617 217.5906 215.9690 207.5402
 [17] 235.4858 193.4163 222.7483 222.7726 190.8679 205.7278 216.3234 217.9611
 [25] 230.9777 195.9719 213.9380 212.6337 207.3284 229.4613 194.1603 204.4920
 [33] 216.1109 219.2593 182.7270 222.8839 191.9844 201.6278 209.3803 206.2580
 [41] 268.0001 187.5022 229.0230 218.6671 256.0319 194.5525 188.5621 201.0139
 [49] 216.5119 226.9982 196.1524 207.6036 207.3397 192.2738 165.7561 193.1351
 [57] 164.8942 205.4554 195.5418 240.2431 202.0234 217.3654 192.2763 212.2500
 [65] 212.8128 201.4072 206.1251 210.9002 214.2166 247.8746 230.6634 208.7846
 [73] 182.2683 226.6033 199.2255 225.1866 227.6637 218.8428 190.6355 208.3378
 [81] 194.9689 225.1225 213.1519 218.9987 188.8863 218.7161 180.7671 198.6087
 [89] 205.1703 234.0144 186.3699 210.0495 211.8248 210.1734 187.8296 261.5797
 [97] 193.6720 238.4430 206.0193 233.6070
[1] "autosome rep14"
  [1] 195.2413 219.6030 211.4344 220.8838 196.7088 206.5177 180.6730 193.4186
  [9] 221.9612 168.2808 182.5863 189.2578 204.5108 184.2671 197.8489 218.7487
 [17] 218.8964 198.8567 176.0064 211.3482 205.2002 211.3191 166.7769 216.6181
 [25] 216.2377 198.5475 208.7624 198.2411 186.4867 187.1010 212.6008 200.4938
 [33] 170.2627 196.9102 205.7542 211.6787 212.4223 223.7945 203.5304 222.4993
 [41] 182.4275 199.1657 225.0743 202.8021 205.9556 198.8800 183.7370 189.5552
 [49] 171.5179 181.3823 179.5977 214.2560 204.1364 192.9221 215.0711 226.1666
 [57] 192.3591 214.4471 159.5185 184.0842 208.3146 207.9241 191.4827 197.8672
 [65] 200.9335 201.2971 189.0171 218.1558 254.6758 219.0647 206.5842 186.8849
 [73] 205.3742 186.9426 194.9244 195.7297 180.9247 211.0665 215.0023 207.3242
 [81] 225.1276 197.3923 203.4926 204.1614 185.1923 229.6159 180.5842 172.3604
 [89] 239.2724 187.8291 218.0813 191.4914 176.1738 171.3411 216.1466 191.9926
 [97] 208.6507 211.2188 189.9940 198.8760
[1] "autosome rep15"
  [1] 290.8785 280.0983 327.5688 298.5904 296.3398 287.2626 285.3063 278.2721
  [9] 278.5892 309.8885 287.1590 291.7383 303.6852 337.1374 317.6439 302.3426
 [17] 299.2180 298.8651 310.7698 289.4370 309.7232 255.0004 279.6806 318.5683
 [25] 275.0701 297.3835 279.5022 299.1749 300.0925 305.9263 300.2131 313.4906
 [33] 284.1413 273.0849 258.0624 306.7211 266.3629 290.9101 309.6165 278.5059
 [41] 266.7543 301.8180 300.1735 324.9724 273.3172 289.1522 256.7111 286.5353
 [49] 273.2683 266.5369 294.1857 293.9538 271.1063 262.1121 261.1650 289.0458
 [57] 267.2724 263.5409 284.9867 267.9373 300.5717 297.7088 289.5485 244.9300
 [65] 298.7938 284.6942 280.5677 272.1780 240.4161 316.7216 282.5297 280.3979
 [73] 266.9977 330.6998 323.2116 291.6047 279.8845 369.1222 257.8586 294.2224
 [81] 275.3477 318.8002 295.1075 284.7753 254.3377 318.6745 293.6859 298.0434
 [89] 279.5329 329.3783 316.9573 285.8358 272.2642 268.0631 300.0957 288.5590
 [97] 288.1271 310.3724 319.2843 308.7144
[1] "X chrom rep1"
  [1] 160.2004 154.7751 149.2553 155.4379 163.5566 174.5435 153.6888 158.7839
  [9] 171.7297 155.3471 180.5186 158.9263 155.5396 172.3548 174.0490 170.5985
 [17] 145.0011 160.0260 169.5733 173.7423 170.8244 158.9851 137.3455 165.5339
 [25] 157.1728 169.0202 153.4037 168.1447 154.7418 141.5461 165.7688 157.4022
 [33] 154.9549 155.7641 150.2451 164.2024 173.4782 158.0907 164.2842 157.6282
 [41] 161.0202 152.9511 163.2182 156.2987 159.7607 150.5588 158.1448 144.7826
 [49] 170.6380 154.2514 158.9073 148.9740 152.6129 158.5920 144.7817 148.8965
 [57] 153.2635 157.4310 156.7994 154.8259 164.0328 143.9116 162.9565 149.9547
 [65] 138.1109 160.6034 164.3893 159.8772 158.5625 171.4481 137.1359 151.5209
 [73] 158.0079 157.9989 163.6350 176.8111 166.5938 168.2888 162.3971 150.7150
 [81] 177.9735 152.1143 152.5682 153.7938 162.0975 150.9024 172.6391 147.0534
 [89] 154.8827 152.8545 159.0529 193.6534 139.1127 184.8549 159.9533 136.8411
 [97] 178.9720 144.6185 154.1536 157.5944
[1] "X chrom rep2"
  [1] 187.8554 208.8721 185.1428 198.9154 209.5264 171.1839 201.8164 233.2296
  [9] 207.2495 171.5086 187.3810 222.5164 221.6592 177.5032 199.3811 183.5329
 [17] 189.0019 189.2027 198.5847 176.6220 175.3563 182.6271 201.0378 201.0646
 [25] 216.6035 201.1014 194.4634 215.4316 176.9255 207.6545 176.0984 207.1915
 [33] 184.3094 185.6215 155.5513 197.0397 199.9898 205.4885 173.3831 215.9515
 [41] 185.0014 202.3363 227.9386 231.4511 215.5522 219.2026 224.4757 174.7431
 [49] 205.1305 180.1086 204.7957 222.3230 192.6788 172.5376 202.0943 187.3923
 [57] 237.9104 202.3161 176.5803 178.4107 239.6733 187.3686 198.6476 188.1801
 [65] 184.1776 190.4851 202.7772 194.8676 198.6798 183.7977 202.9362 184.3887
 [73] 191.8050 220.2007 199.9249 217.6575 183.3779 194.3034 196.2531 196.0806
 [81] 213.7686 191.8508 214.8518 189.2537 198.0205 184.1689 196.6889 193.3935
 [89] 213.7195 203.1711 213.6864 200.6871 201.7255 194.3016 213.0122 218.3525
 [97] 189.1558 214.2327 181.2385 205.8667
[1] "X chrom rep3"
  [1] 291.3738 218.5241 267.9344 288.6286 312.6619 264.3925 231.8776 270.3355
  [9] 243.9529 249.7850 283.7710 231.7980 318.7575 258.4522 272.9438 281.5610
 [17] 256.2940 235.2940 283.6727 253.6815 281.2992 286.2704 285.7977 310.0786
 [25] 266.8218 260.3894 266.4644 258.0388 296.9786 284.1320 308.8033 309.8610
 [33] 284.9660 272.8328 278.2501 292.2339 271.9894 265.5393 275.6376 311.9205
 [41] 281.3061 252.7115 246.4342 260.1740 281.1164 242.5299 235.2986 245.2020
 [49] 266.7215 284.0363 297.9946 298.2289 271.4123 234.8871 308.1596 265.4625
 [57] 261.7598 253.4080 274.3244 312.3435 266.5938 279.7580 258.3117 291.9959
 [65] 278.9891 254.5642 275.7835 257.6201 294.2163 301.0757 288.9044 245.3856
 [73] 313.9714 268.6940 249.1354 246.8428 252.6406 272.9767 221.5102 266.7910
 [81] 260.3767 294.3910 287.4858 274.1083 287.9423 282.5829 241.7340 294.8224
 [89] 265.0927 259.6791 266.5050 278.0286 340.7075 238.3276 292.9216 301.3438
 [97] 281.2549 237.1271 254.9257 251.4105
[1] "X chrom rep4"
  [1] 272.7874 275.6756 287.7873 266.1491 274.7922 254.1818 285.9544 253.0493
  [9] 266.9974 276.5458 296.0020 248.8536 250.6492 263.5713 275.1212 316.0918
 [17] 284.6429 236.2274 282.6507 248.2871 246.5105 265.4790 312.2883 235.8069
 [25] 240.2867 261.2483 275.1482 283.5439 254.1403 334.1020 302.7073 270.1280
 [33] 294.1593 267.9230 242.2264 244.8010 268.3155 253.9608 236.8919 266.8273
 [41] 299.8875 261.6199 286.4118 280.6121 281.0724 264.0024 278.3718 237.9906
 [49] 269.3041 263.9034 268.7781 293.5134 291.6930 295.4441 271.5248 275.6864
 [57] 246.9657 307.5638 231.1397 230.1793 263.3375 305.1663 242.6284 289.7062
 [65] 304.5097 236.0267 255.6114 220.2008 227.4003 262.3410 252.8922 281.0734
 [73] 237.2067 243.3303 246.4181 310.5114 283.7415 305.1362 244.2414 262.3455
 [81] 272.0277 242.8380 252.2657 246.0976 251.6021 319.4665 295.2764 249.1253
 [89] 245.1511 274.7855 266.2108 314.5756 278.3381 239.4550 308.3209 255.4877
 [97] 296.2238 251.2792 258.3383 273.2842
[1] "X chrom rep5"
  [1] 161.6990 168.9811 169.1328 167.1084 161.1705 176.8466 179.9541 168.6475
  [9] 192.4609 184.7215 177.5052 165.8305 185.4344 179.3320 184.0107 149.7590
 [17] 190.1317 173.0029 152.2261 161.1193 180.4140 176.0151 139.3700 174.9907
 [25] 162.1008 181.0352 143.2153 149.4102 171.0757 162.0727 178.2865 172.6261
 [33] 166.7839 182.6182 154.6606 155.4326 147.3535 155.9207 161.3007 178.9019
 [41] 165.6225 162.7022 156.9696 176.4441 146.4291 194.4130 163.9749 163.9892
 [49] 177.8135 146.2868 176.6645 187.9183 156.2819 152.1623 149.6088 165.7752
 [57] 177.2217 171.7785 172.6964 193.1546 147.6424 148.5407 186.7751 177.9657
 [65] 164.9802 170.2881 158.2165 171.3698 203.8997 197.7353 179.9713 175.5839
 [73] 174.2963 173.9083 174.9106 225.6758 167.3238 190.0961 178.0571 175.2608
 [81] 172.5933 172.7807 164.1091 156.7049 187.5189 180.3196 170.2125 172.5525
 [89] 193.0099 169.0351 198.3378 179.2685 189.6155 188.4137 162.0539 169.2926
 [97] 167.5813 183.1940 165.0868 140.2294
[1] "X chrom rep6"
  [1] 189.7509 226.0890 213.2255 210.5314 228.9488 230.5597 184.6248 218.8177
  [9] 189.8477 197.3423 206.6744 217.8257 238.2889 238.6850 232.7126 258.6203
 [17] 204.4787 199.8504 204.0255 213.7891 219.5820 217.4912 219.3879 212.5211
 [25] 209.3811 229.4927 208.3013 204.3282 222.3016 224.8830 192.6844 240.7297
 [33] 214.2251 227.9453 219.9423 223.1332 194.9545 223.2092 194.6972 236.7859
 [41] 200.7635 190.7472 189.3480 190.7936 202.6566 196.6236 228.7198 227.2499
 [49] 207.8386 212.1244 225.5346 227.7330 242.9096 204.7680 190.9889 179.4143
 [57] 206.9651 205.7942 193.9929 213.1725 198.8447 215.2827 194.4448 206.0907
 [65] 195.3330 255.4228 173.9781 220.8900 203.4371 206.0073 203.1079 204.7039
 [73] 187.9492 195.8958 208.6171 216.5575 219.8003 183.4516 190.0870 230.6527
 [81] 201.2816 202.6611 205.9065 211.2611 217.6612 205.5277 199.0476 209.5601
 [89] 222.3352 205.6066 177.8632 226.8257 196.8418 217.6023 212.8895 221.0938
 [97] 230.3559 205.2168 218.1993 205.3944
[1] "X chrom rep7"
  [1] 259.2595 319.7824 279.6306 248.3580 259.2298 254.7672 292.1085 265.5467
  [9] 292.9275 260.7919 309.1361 282.6806 258.2074 256.0880 282.3838 281.4436
 [17] 258.3538 243.1780 282.4581 273.9660 282.6367 291.6600 291.3703 283.0178
 [25] 314.1192 272.0053 262.5805 256.6566 260.1678 287.1998 292.3541 282.0759
 [33] 282.7956 295.7886 279.1986 296.2710 269.5223 262.1566 323.9397 289.0215
 [41] 245.0328 272.6433 278.7749 259.9756 273.8285 258.1486 251.2751 257.4733
 [49] 258.5213 268.9994 275.3159 293.0560 299.6098 281.2311 275.9571 270.4801
 [57] 268.6768 259.9431 264.1365 258.1682 280.6975 310.8895 260.5533 302.5642
 [65] 248.8839 252.7508 319.3921 284.6007 270.1140 278.7420 303.2314 325.3951
 [73] 257.4219 276.1411 246.6809 317.1523 253.3370 314.0985 311.5955 293.3832
 [81] 251.0308 296.2008 284.2517 276.4290 293.3297 270.2812 271.8189 261.3298
 [89] 277.7255 281.6631 272.1690 273.7755 260.8782 246.5127 255.3163 249.7786
 [97] 288.5055 275.9593 236.5604 298.2592
[1] "X chrom rep8"
  [1] 259.1928 267.5922 262.8299 234.1777 256.2024 291.4363 240.2816 239.9443
  [9] 251.0888 232.8864 250.8884 265.6430 257.1597 267.5207 285.4208 240.0498
 [17] 266.0979 223.2193 223.0783 306.5296 233.0695 263.0537 277.4832 240.5739
 [25] 267.8618 247.6133 287.7779 275.7180 278.4361 246.3412 260.4589 249.0389
 [33] 263.0927 279.5753 236.7728 238.6793 238.3827 284.7974 287.2688 235.0457
 [41] 240.1124 242.4775 261.5149 246.8404 229.1800 242.4716 236.2823 254.5778
 [49] 244.6212 251.3817 228.8810 235.8824 203.9596 248.3502 228.6963 246.9189
 [57] 280.4513 234.4762 270.0205 279.4613 264.3039 280.4462 248.8283 225.3139
 [65] 226.6663 255.3308 274.4550 261.1087 272.5606 243.1034 244.6514 278.2106
 [73] 255.5412 253.2257 247.3884 251.8121 285.7472 256.6448 236.2191 279.8328
 [81] 266.3646 261.5543 271.6860 259.0253 288.1446 277.1621 250.9208 249.3123
 [89] 264.7231 302.3943 257.6315 290.3943 269.7447 267.9820 292.1831 256.9865
 [97] 251.4611 242.1823 262.0695 239.4858
[1] "X chrom rep9"
  [1] 170.4611 217.5432 198.5845 198.6680 215.6011 173.9794 169.9120 209.7684
  [9] 168.8819 181.3037 162.2663 175.7868 178.9437 174.2801 182.6458 161.6359
 [17] 175.6395 160.2036 176.7275 171.5166 186.2981 171.5263 186.9786 172.5323
 [25] 194.6192 181.9684 199.6340 187.6362 183.8604 166.4789 182.3128 175.8237
 [33] 195.3118 164.6058 191.8946 178.0765 185.0651 158.9787 186.5211 170.9032
 [41] 179.6393 202.2263 203.3114 186.9184 200.5071 200.8045 190.6069 184.5828
 [49] 178.7244 178.5316 190.9929 200.2824 183.4908 174.7614 171.2648 177.8739
 [57] 200.5252 199.3081 191.2093 185.4937 172.2420 169.9625 190.9719 193.2846
 [65] 214.8929 194.7927 151.3994 184.0079 176.7671 191.5241 175.5752 181.3245
 [73] 182.7343 166.1195 173.3907 177.2022 180.2912 193.5363 195.0269 175.2406
 [81] 183.2677 165.8106 175.4523 148.8265 199.2987 165.3310 180.0562 190.3956
 [89] 194.9909 145.4759 198.4625 162.7462 185.2387 177.8426 193.4478 183.2423
 [97] 192.5036 179.6319 180.1441 189.9809
[1] "X chrom rep10"
  [1] 239.4061 255.8706 295.8775 275.1102 249.4682 278.3836 274.0178 263.3060
  [9] 266.0980 271.7686 243.0531 292.5456 281.4241 255.0654 269.2160 289.4994
 [17] 218.0015 253.2382 294.7272 232.1783 268.8744 256.1232 243.2878 282.9067
 [25] 254.6000 265.8931 329.9361 251.3779 241.1127 249.5378 254.3592 278.8612
 [33] 347.5809 233.1891 263.1382 230.9502 285.6415 235.3797 278.3678 261.5009
 [41] 277.7250 255.7251 268.8275 267.8850 249.9317 287.5672 239.6055 271.8052
 [49] 234.7483 275.1028 276.1981 268.7240 279.1446 274.4234 272.5944 279.4168
 [57] 287.7596 247.7325 255.6952 247.1612 258.6114 277.7934 300.3256 289.3968
 [65] 259.6748 237.8324 261.5082 235.4328 260.8619 281.3587 293.4317 274.9626
 [73] 252.7633 267.8922 266.9980 265.5325 234.8062 276.6962 247.4028 247.3124
 [81] 247.1184 282.0597 319.6228 236.3714 284.7001 260.3757 300.4548 266.2060
 [89] 267.4250 296.8619 259.2178 268.1974 263.6439 267.5292 271.8470 246.9044
 [97] 307.1192 232.9750 246.6169 225.3038
[1] "X chrom rep11"
  [1] 240.9667 257.2195 237.2049 237.5698 227.4477 263.2217 310.4821 252.9716
  [9] 278.5156 264.7577 235.1189 288.1376 268.3986 264.8960 256.0985 270.2927
 [17] 276.6557 218.4731 261.7426 314.3993 281.1475 293.0925 267.5241 253.3087
 [25] 262.4910 287.9655 248.4181 253.6507 237.2235 270.0842 295.2512 284.3619
 [33] 288.7799 264.6852 250.4603 267.4532 247.9070 255.5252 263.3528 259.5427
 [41] 248.2261 239.3802 244.8852 287.6370 279.0669 249.7727 228.8305 242.9038
 [49] 247.5171 236.9482 296.9883 228.2512 298.9543 230.6009 290.5939 297.4100
 [57] 310.8729 310.7353 231.6003 271.4763 252.3012 255.0893 284.4129 272.4220
 [65] 242.0226 248.6223 203.0796 241.7206 284.8319 283.8157 234.3971 270.8611
 [73] 255.7302 282.8098 257.3379 246.0714 296.5188 300.5276 270.7723 243.8251
 [81] 277.5972 259.8282 261.6398 275.2414 253.3935 218.9385 253.6848 278.3359
 [89] 226.9352 229.5398 258.4166 255.3488 291.6189 278.8144 306.8505 256.8308
 [97] 244.9217 248.1556 271.5836 301.6979
[1] "X chrom rep12"
  [1] 189.1966 185.8050 223.8628 221.9270 180.5004 175.4110 180.8729 207.3899
  [9] 179.9868 192.0583 197.5784 217.7366 196.3143 199.6079 187.0399 203.9278
 [17] 179.6160 188.6568 185.9827 203.9901 265.3121 172.1114 203.8779 195.1010
 [25] 218.3748 189.1461 215.4566 169.9416 176.1136 188.4301 203.7028 206.1226
 [33] 213.1259 202.2834 207.4968 242.0334 178.9993 174.5835 193.0718 213.0890
 [41] 197.2060 205.5267 202.9584 196.2645 197.9879 184.5161 200.4812 201.4702
 [49] 204.3969 206.6385 206.2373 187.6462 190.6831 182.5510 204.2025 180.6845
 [57] 193.9835 217.1782 193.5521 207.0286 205.1525 211.8308 207.6788 198.7288
 [65] 198.5780 188.7027 210.8624 215.8223 186.7304 199.7879 224.6858 190.0313
 [73] 237.0483 197.2106 192.5829 206.5065 220.0665 181.2957 217.9357 193.6863
 [81] 182.1641 218.1627 210.3970 193.1832 205.9429 178.2587 221.7885 178.9910
 [89] 177.1503 182.0421 182.0056 206.3048 223.9215 204.3928 232.7336 197.1067
 [97] 208.4744 195.3741 202.6597 199.8769
[1] "X chrom rep13"
  [1] 189.2695 191.2148 170.0234 168.6014 179.7605 172.2701 185.7045 182.2558
  [9] 185.0164 197.7594 198.0691 196.1572 193.9072 193.4881 190.7576 207.3246
 [17] 192.8542 168.2572 170.0010 193.2167 163.2226 205.7870 197.3015 208.1792
 [25] 199.6485 176.2851 188.9904 175.0172 200.7103 189.4164 181.3543 178.0575
 [33] 207.1241 154.3861 184.9758 187.1906 168.4836 165.1541 201.1310 175.1387
 [41] 190.9200 187.3844 174.7029 188.2085 175.7627 173.3565 176.9474 166.7315
 [49] 172.0348 166.7335 172.0164 187.9804 183.1130 208.8482 177.1539 175.7509
 [57] 171.2873 190.5889 222.9556 203.6132 199.8907 194.8475 179.3915 185.8533
 [65] 191.5697 225.5838 173.1722 186.9360 213.9623 169.7389 198.3648 192.8147
 [73] 197.2794 198.7732 182.9936 174.8973 189.1687 192.0704 202.4668 172.1377
 [81] 191.5005 168.3387 192.0378 194.7525 195.6279 169.4394 180.1328 184.0264
 [89] 186.0141 175.4397 179.6785 190.7929 199.7954 161.2941 167.1531 197.6258
 [97] 195.1560 185.8140 161.3764 196.3862
[1] "X chrom rep14"
  [1] 214.9243 197.2352 201.9610 191.3220 237.4964 211.3407 217.0610 200.1157
  [9] 229.5153 232.9749 219.9651 190.4801 229.9117 222.1756 202.3351 229.2176
 [17] 229.4671 251.2651 186.2466 197.5061 201.0965 183.9248 204.7358 240.8039
 [25] 200.5746 207.9221 236.4690 257.9940 230.6183 213.0068 208.2516 202.2849
 [33] 231.1227 209.2584 175.2315 221.0067 242.7118 236.6766 215.1775 202.6407
 [41] 240.5174 243.8542 199.5824 242.5192 218.7017 218.6108 231.4479 202.2204
 [49] 209.5726 194.4368 217.8523 197.3926 200.6636 188.9154 211.9152 186.9090
 [57] 226.8273 192.1046 203.0352 217.0692 196.3560 199.3662 182.4666 228.1636
 [65] 206.5697 185.3297 222.7359 218.5654 214.3275 216.0030 217.7784 220.4095
 [73] 226.0988 191.2590 203.7273 220.3341 214.1551 191.3239 195.1271 224.4404
 [81] 237.2365 223.3470 223.3398 275.8939 237.8827 209.2787 186.2891 229.3212
 [89] 186.9324 200.2227 209.8908 200.7834 204.1154 239.9286 224.2757 214.3546
 [97] 189.0053 198.0440 194.0025 208.3773
[1] "X chrom rep15"
  [1] 275.9659 241.5309 220.0677 218.4247 231.0102 256.6973 237.7264 244.6164
  [9] 240.7092 265.5945 252.6204 248.4472 244.4686 218.5864 242.1791 267.9666
 [17] 277.6942 228.8453 256.4852 241.7160 269.7910 239.6375 244.6647 220.0817
 [25] 215.4410 230.9382 248.9220 236.5733 221.4219 247.2501 220.1878 264.0051
 [33] 237.6300 240.6812 238.3814 215.4708 216.1481 251.1647 199.7876 226.2073
 [41] 248.0475 278.5410 245.7038 225.0854 247.2089 202.8394 224.4028 237.0751
 [49] 296.7476 250.7164 240.6594 250.0546 257.7884 248.1521 208.6805 234.6292
 [57] 231.5355 184.8497 237.1551 231.9428 219.8109 252.7746 215.2274 262.1810
 [65] 245.9563 247.1873 201.9903 244.4547 259.5686 214.3106 223.4048 228.5645
 [73] 243.9365 287.5077 234.9895 252.5640 258.5445 217.8438 249.8537 257.6960
 [81] 208.1867 250.1231 229.8793 242.9358 212.4469 235.8782 243.2177 245.8056
 [89] 249.3657 213.8493 225.7154 248.1150 235.2213 255.0348 257.7873 273.3935
 [97] 244.0454 254.1067 232.2178 187.3434
